   375
   183
   504
   378
   349
   200
   304
   272
   206
   493
   197
   185
   161
   354
   346
   307
   365
   335
   379
   398
   176
   526
   246
   402
   379
    89
   271
   271
   200
   336
   133
   246
   175
   543
   179
   429
   417
   473
   477
   362
   281
   118
   323
   473
   153
   275
   346
   329
   157
   270
   105
   208
   460
   277
   441
   366
   364
   250
   398
   242
   270
   195
   405
   281
   431
   236
   433
   263
   154
   310
   405
   386
   198
   483
   405
   170
   312
   340
   192
   342
   369
   273
   314
   349
   195
   403
   407
   351
   219
   392
    99
   286
   368
   185
   487
   405
   364
   426
   521
   444
   209
   479
   305
   245
   268
   357
   169
   320
   407
   327
   296
   286
   292
   385
   488
   311
   202
   310
   345
   401
   342
   452
   430
   320
   242
   127
   128
   183
   410
   305
   196
   410
   345
   149
   470
   174
   229
   150
   370
   155
   323
   312
   370
   458
   505
   197
   389
   114
   449
   423
   152
   295
   148
   196
   314
   436
   191
   320
   394
   487
   440
   364
   393
   288
   240
   218
   359
   349
    64
   321
   538
   444
   321
   262
   540
   318
   423
   229
   240
   258
   374
   330
   240
   416
   164
   433
   387
   286
   381
   309
   245
   398
   233
   461
   240
   437
   339
   220
   308
   501
   375
   341
   180
   384
   283
   269
   287
   260
   440
   248
   317
   229
   509
   421
   391
   460
   147
   354
   418
   264
   327
   295
   499
   232
   466
   127
   308
   134
   233
   281
   474
   406
   186
   160
   131
   262
   251
   371
   414
   422
   323
   410
   303
   312
   235
   296
   392
   224
   307
   327
   237
   202
   256
   212
   316
   214
   130
   301
   214
   326
   171
   293
   408
   359
   307
   165
   262
   176
   350
   306
   224
   271
   364
   294
   364
   350
   311
   289
   189
   327
   292
    91
   239
   242
   277
   307
   389
   277
   574
   265
   237
   382
   214
   145
   230
   505
   301
   368
   446
   349
   350
   291
   328
   231
   394
   288
   421
   357
   270
   268
   440
   353
   120
   101
   418
   312
   438
   375
   218
   193
   186
   194
   182
   137
   256
   296
   410
   201
   257
   268
   348
   268
   406
   317
   347
   297
   308
   309
   420
   244
   384
   193
   330
   240
   342
   267
   294
    85
   318
   392
   323
   278
   459
   469
   167
   232
   204
   403
   184
   474
   328
   431
   452
   449
   311
   222
   116
   246
   443
   315
   164
   175
   126
   361
   354
   186
   158
   395
   372
   301
   228
   402
   298
   470
   440
   491
   563
   162
   246
   470
   372
   148
   311
   267
   332
   219
   334
   176
   381
   426
   321
   227
    34
   313
   224
   367
   260
   126
   363
   330
   271
   267
   327
   467
   551
   453
   103
   253
   279
   315
   471
   260
   160
   241
   293
   239
   171
   249
   127
   117
   229
   239
   153
   338
   281
   277
   247
   202
   415
   222
   130
   237
   198
   401
   104
   292
   267
   434
   230
   428
   319
   225
   395
   290
   310
   355
   206
   113
   235
   191
   162
   224
   457
   151
   165
   194
   277
   241
   320
   296
   268
   501
   426
   124
   209
   341
   106
   374
   272
   243
   298
   313
   521
   153
   409
   267
   267
   316
   379
   340
   408
   359
   267
   271
   248
   338
   394
   276
   320
   457
   381
   226
   290
   376
   172
   315
   393
   151
   151
   381
   334
    18
   223
   250
   234
   553
   302
   282
   385
   304
   161
   317
   299
   520
   269
   390
   369
   309
   379
   392
   311
   339
   272
   409
   273
   340
   218
   200
   171
   226
   420
   117
   137
   495
   380
   278
   187
   452
   170
    28
   156
   361
   318
   360
   327
   512
   120
   351
   265
   238
   351
   358
   302
   350
   425
   161
   375
   426
   232
   171
   202
   314
   338
   209
   186
   375
   189
   309
   284
   225
   250
   226
   256
   209
   273
   454
   367
   225
   192
   285
   374
   206
   104
   279
   140
   358
   188
   409
   481
   116
   368
   130
   297
   471
   440
   237
   396
   180
    62
   411
   324
   446
   281
   377
   205
   295
   340
   575
   233
   414
   209
   262
    69
   377
   116
   280
   287
   435
   366
   417
   259
   282
   411
   280
   308
   187
   260
   255
   401
   494
   407
   263
   385
   128
   236
   298
   359
   254
   474
   350
   359
   403
   253
   167
   191
   307
   197
   261
    61
   210
   359
   414
   317
   286
   256
   415
   305
   390
   311
   271
   248
   324
   212
   361
   331
   442
   114
   471
   393
   269
   309
   316
   427
   426
   386
   454
   343
   193
   353
   120
   285
   324
   347
   301
   387
   335
   267
   273
   394
   266
   507
   162
   179
   367
   241
   320
   410
   290
   364
   283
   384
   154
   306
   262
   173
    75
   244
   349
   317
   422
   283
   431
   318
   186
   155
   390
   338
   352
   142
   270
   393
   254
   313
   361
   328
   292
   324
   267
   262
   106
   275
   340
   338
   383
   188
   354
   323
   439
   450
   232
   459
   218
   422
   181
   117
   253
   343
   305
   247
   430
   295
   160
   299
   440
   333
   284
   209
   226
   327
   483
   136
   141
   263
    97
   234
   356
   528
   159
   245
   234
   357
   472
   358
   284
   404
   393
   275
   432
   352
   358
   182
   287
   315
   264
   224
   375
   475
   404
   278
   429
   233
   381
   272
   308
   154
   291
   375
   178
   358
   306
   198
   369
   245
   234
   224
   393
   406
   464
   291
   312
   409
   255
   222
   355
   359
   493
   256
   385
   393
   481
   358
   304
   474
   339
   240
   402
   131
   269
   187
   287
   346
   234
   270
   497
   352
   244
   243
   291
   441
   302
   294
   244
   318
   148
   393
   297
   271
   200
   384
   411
   222
   339
   275
   221
   341
   364
   332
    31
   331
   255
   433
   317
   297
   309
   152
   264
   228
   423
   400
   215
   235
   302
   437
   182
   496
   212
   256
   375
   155
   131
   405
   419
   425
    48
   357
   178
   304
   121
   193
   425
   265
   416
   223
    99
    86
   425
   405
   265
   338
   242
   177
   401
   127
   233
   281
   325
   144
   501
   301
   267
   132
   131
   307
   299
   370
   208
   174
   216
   314
   194
   211
   190
   352
   234
   267
   317
   619
   260
   402
   470
   200
   329
   339
   408
   288
   481
   194
   305
   220
   366
   402
   255
   328
   278
   232
   387
   272
   516
   438
   201
   372
   188
   416
   156
   284
   403
   253
   285
   301
   477
   288
   296
   182
   357
   413
   406
   464
   312
   272
   365
   601
   306
   364
   315
   428
   409
   255
   390
   326
   356
   317
   164
   465
   293
   198
     1
   213
   126
   351
   326