    37
    42
    29
    27
    34
    52
    21
    24
    31
    28
    28
    36
    37
    29
    32
    19
    34
    29
    25
    49
    48
    23
    19
    19
    25
    18
    41
    55
    34
    28
    47
    23
    30
    34
    37
    36
    48
    31
    37
    42
    35
    11
    16
    46
    46
    35
    25
    11
    29
    19
    37
    20
    33
    35
    28
    25
    26
    27
    32
    32
    21
    36
    23
    22
    14
    15
    27
    36
    40
    27
    42
    30
    46
    30
    43
    38
    40
    34
    32
    28
    32
    63
    10
    23
    38
    37
    28
    46
    39
    40
    45
    24
    35
    27
    32
    37
    26
    29
    39
    33
    19
    38
    31
    20
    35
    55
    42
    19
    24
    33
    26
    44
    37
    50
    34
    39
    29
    21
    21
    31
    10
    31
    30
    27
    25
    28
    20
    26
    33
    28
    41
    43
    27
    27
    37
     8
    36
    21
    35
    38
    36
    26
    35
    12
    47
    16
    35
    22
    15
    38
    28
    20
    19
    27
    51
    31
    38
    26
    18
    32
    47
    22
    27
    37
    44
    42
    15
    38
    32
    35
    32
    20
    39
    28
    28
    39
    34
    17
    34
    20
    27
    24
    37
    35
    47
    32
    40
    30
    43
    38
    35
    25
    45
    28
    28
    27
    30
    16
    41
    18
    27
    44
    50
    31
    32
    35
    29
    44
    43
    41
    30
    28
    23
    30
    26
    35
    38
    48
    27
    32
    28
    56
    41
    31
    42
    31
    26
    38
    25
    32
    17
    33
    16
    26
    54
    40
    17
    18
    30
    38
    20
    52
    46
    30
    46
    38
    30
    23
    40
    17
    16
    28
    37
    33
    40
    24
    27
    20
    27
    17
    43
    33
    33
    30
    34
    30
    15
    26
    25
    32
    35
    41
    29
    38
    38
    46
    22
    18
    24
    21
    49
    35
    38
    27
    34
    28
    44
    20
    28
    21
    39
    34
    31
    25
    31
    36
    45
    23
    41
    38
    35
    10
    38
    33
    20
    40
    10
    34
    17
    34
    35
    22
    35
    35
    28
    39
    26
    37
    30
    35
    29
    39
    33
    36
    40
    35
    50
    38
     6
    45
    33
    24
    25
    19
    28
    24
    29
    30
    20
    26
    38
    36
    37
    33
    34
    38
    15
    36
    39
    51
    22
    39
    41
    31
    26
    16
    33
    27
    41
    37
    20
    36
    28
    24
    20
    32
    28
    28
    40
    15
    18
    22
    37
    33
    22
    25
    46
    32
    37
    11
    29
    30
    25
    36
    42
    31
    25
    26
    41
    21
    31
    37
    30
    18
    35
    31
    27
    48
    17
    22
    14
    42
    29
    32
    32
    45
    34
    21
     1
    33
    35
    32
    36
    38
    33
    34
    35
    42
    33
    37
    36
    16
    19
    32
    31
    31
    31
    29
    42
    41
    45
    35
    34
    31
    36
    40
    20
    21
    36
    40
    33
    31
    35
    37
    30
    30
    39
    36
    41
    44
    31
    31
    23
    40
    47
    38
    44
    28
    31
    17
    42
    28
    25
    29
    30
    25
    48
    36
    27
    31
    24
    29
    16
    42
    26
    36
    33
    53
    32
    24
    25
    26
    34
    24
    28
    32
    58
    18
    39
    31
    30
    31
    40
    29
    24
    30
    32
    47
    43